time:0.004564522999999099 
nombre_enviado:client0.txt
cliente:0
satisfactorio:SUCCESS
tiempo:0.004564522999999099ns
numbytes:292
num_paquetes:1time:0.004320917000001145 
nombre_enviado:client1.txt
cliente:1
satisfactorio:SUCCESS
tiempo:0.004320917000001145ns
numbytes:292
num_paquetes:1